1000
7 4
36 29
223 27
77 14
255 24
42 8
319 34
31 56
172 31
182 3
166 6
18 49
150 5
357 56
347 41
86 55
285 2
76 20
202 33
335 37
298 9
338 9
283 9
117 28
212 0
31 18
358 41
120 20
166 49
188 33
90 35
20 8
269 37
268 51
250 55
81 0
237 59
189 32
300 59
232 32
119 15
43 57
56 43
137 42
152 26
248 54
241 28
234 22
237 15
134 0
130 27
292 59
146 54
272 26
173 16
110 52
152 33
281 28
188 58
303 40
256 11
327 9
331 21
32 29
216 38
81 39
125 13
330 31
7 54
229 0
131 39
344 43
133 25
131 21
324 14
174 32
137 13
102 49
86 6
190 55
44 23
266 41
156 56
184 36
351 53
216 2
264 21
45 29
106 48
103 2
355 37
267 12
162 9
113 8
247 55
295 51
190 21
204 47
78 28
255 1
81 51
295 45
184 40
127 43
260 50
337 15
19 4
260 1
125 5
301 12
61 57
175 11
78 19
110 28
47 5
329 0
349 16
218 45
116 45
208 9
215 58
16 46
302 36
287 8
162 48
312 35
337 8
218 48
19 21
316 59
78 38
299 7
294 29
113 43
246 13
44 33
251 0
79 6
337 6
6 11
107 18
338 16
318 16
244 30
37 21
149 48
231 20
55 37
222 40
320 48
106 4
82 49
297 33
295 34
40 53
285 19
132 23
335 22
331 40
44 1
293 13
229 44
26 36
73 8
197 34
228 3
270 10
44 27
344 40
353 16
153 30
147 37
285 2
352 17
214 36
10 19
230 51
183 8
267 9
16 36
35 4
151 5
67 16
25 43
176 10
51 21
41 18
359 18
192 43
327 39
259 37
298 1
88 54
129 56
123 17
332 38
134 56
335 13
192 52
356 8
123 39
81 36
349 20
234 53
175 22
332 15
51 23
76 20
137 26
8 20
95 32
290 49
208 25
302 40
138 50
280 13
321 2
169 10
314 35
236 10
349 28
77 41
223 33
181 0
231 1
132 27
273 2
68 54
200 11
266 30
53 7
343 15
61 24
197 7
299 13
249 49
154 26
202 17
120 15
18 43
316 22
62 41
317 11
327 37
14 54
7 7
293 42
314 54
246 32
113 57
225 3
218 11
329 0
269 21
315 39
57 23
181 59
117 18
122 24
167 16
318 46
76 3
268 30
349 34
54 43
84 32
106 54
43 7
235 12
141 2
343 18
78 45
189 15
175 12
279 43
320 50
261 36
233 50
299 35
196 53
198 40
17 56
95 1
123 22
13 24
136 57
334 34
34 44
49 21
116 21
296 16
183 18
345 48
8 44
23 24
149 33
357 47
269 24
228 33
38 53
169 54
342 24
29 8
308 10
330 56
23 18
12 18
336 49
7 36
153 22
293 55
356 50
342 25
126 22
170 44
67 40
210 50
356 59
298 56
62 20
112 17
279 56
36 7
226 35
344 11
49 37
66 45
79 40
183 25
2 53
241 10
205 31
352 21
203 42
249 17
303 1
94 34
230 2
221 36
277 17
219 27
354 46
244 13
206 7
150 21
293 23
151 10
227 15
84 2
177 33
79 52
335 45
86 25
48 0
173 17
257 32
36 12
190 41
197 29
220 40
350 25
123 13
36 50
28 0
164 25
93 3
70 0
161 36
145 21
208 10
278 46
95 15
230 45
108 59
194 28
159 56
354 35
69 30
145 29
22 10
47 55
65 57
56 38
145 13
179 54
264 30
332 51
285 22
156 25
141 43
233 53
279 39
328 41
1 45
190 23
167 49
11 53
226 7
203 12
12 23
6 36
225 38
147 30
52 56
287 5
39 32
238 10
132 26
51 13
192 54
29 51
223 40
104 22
107 0
334 59
203 32
268 8
62 47
90 46
335 9
51 14
281 42
205 53
240 8
59 4
114 28
176 38
0 32
300 47
332 26
98 47
230 58
347 52
38 9
150 13
198 21
28 0
235 45
45 56
105 44
60 40
64 56
70 4
261 10
43 53
28 14
281 18
252 20
62 50
90 24
304 48
285 24
280 33
181 26
149 46
302 21
18 59
190 28
303 31
330 47
324 58
1 57
128 5
258 2
288 48
146 44
148 4
180 1
337 1
267 58
159 21
79 50
320 29
138 16
0 49
123 25
339 56
314 40
353 32
42 41
200 9
25 41
5 25
162 42
78 1
212 50
254 51
160 35
73 58
351 13
279 46
270 11
214 45
111 27
77 33
129 30
214 26
243 39
104 45
73 54
218 37
164 52
89 16
327 42
7 10
107 46
48 18
57 22
243 40
110 12
194 51
342 40
9 45
140 45
142 25
40 0
243 16
113 24
273 12
238 32
15 45
310 3
3 0
326 58
280 8
311 54
291 45
35 0
31 47
286 45
4 18
278 59
274 31
323 59
215 13
211 42
59 34
38 2
274 4
181 14
184 12
181 55
169 28
287 12
7 33
118 3
51 36
3 18
299 18
129 26
272 41
129 31
247 47
265 41
43 26
355 39
90 48
214 20
136 21
204 15
227 22
259 30
358 22
348 49
332 58
196 56
331 17
87 38
4 53
251 39
311 58
18 34
167 44
46 55
117 10
191 44
85 30
7 23
224 47
125 16
345 21
313 8
158 32
278 34
137 49
185 21
288 23
235 27
307 33
142 4
43 33
281 8
295 48
84 39
155 21
228 13
42 1
201 12
93 52
338 43
33 43
64 21
238 59
160 5
324 3
121 7
148 42
8 24
330 24
243 58
45 51
11 19
164 24
263 10
76 1
233 50
276 49
303 34
340 44
211 4
279 32
183 7
15 11
23 37
27 19
215 12
122 38
263 47
183 46
289 11
47 42
113 15
203 49
349 3
265 20
127 4
45 10
251 0
14 27
149 41
286 57
346 48
335 9
207 30
56 16
34 35
170 19
171 13
308 32
196 33
105 23
37 30
274 41
82 48
308 51
201 46
340 7
154 8
309 2
90 5
138 4
212 1
144 15
194 24
288 31
178 25
226 27
55 20
120 9
300 0
240 14
46 33
201 13
281 30
307 11
27 25
8 0
138 24
135 33
348 55
4 38
200 50
358 15
243 58
264 55
291 17
69 29
342 23
282 15
165 49
146 13
187 26
73 25
50 20
298 31
16 54
309 28
277 7
344 32
298 0
87 49
9 29
78 43
172 53
358 37
102 17
170 41
43 55
127 34
68 57
237 16
112 6
44 21
6 20
293 56
253 12
45 14
281 55
358 25
228 56
303 23
245 45
4 49
333 3
255 41
301 12
357 45
190 41
186 16
174 51
244 7
243 41
201 37
157 19
2 17
68 5
332 13
163 37
114 16
340 9
49 33
13 46
78 24
319 24
272 13
127 37
200 11
318 34
48 47
345 42
117 53
228 29
239 23
298 45
39 39
107 28
304 0
6 23
196 25
159 49
331 47
138 43
298 28
317 38
188 55
12 5
100 52
266 39
15 25
77 54
356 4
14 0
304 20
323 21
218 3
122 9
50 12
104 40
332 54
310 40
109 22
337 29
75 4
61 30
89 18
17 25
322 31
25 18
52 41
151 30
344 25
331 26
149 7
126 2
241 8
154 50
270 4
72 37
248 13
308 29
143 25
166 37
228 3
115 40
284 19
62 20
284 25
46 6
213 44
68 34
352 34
317 15
98 29
352 38
34 0
299 57
137 45
26 58
169 13
158 25
152 33
106 9
358 24
255 23
301 15
178 53
289 7
68 20
36 53
350 10
105 50
119 3
267 17
121 16
30 31
274 3
116 12
4 47
276 19
70 37
326 8
23 7
255 23
259 43
256 10
105 2
180 36
117 27
113 50
36 24
133 2
199 10
74 23
237 50
334 59
80 52
68 43
299 15
298 19
231 15
321 28
69 13
305 6
332 58
296 8
74 1
62 25
191 16
348 0
359 14
120 19
6 0
54 58
127 44
249 58
59 30
207 8
223 24
186 15
314 54
76 29
296 18
174 7
275 35
300 26
101 0
97 40
352 23
30 59
247 39
350 59
129 9
307 52
93 6
59 39
0 15
308 56
146 55
296 53
262 48
79 55
40 56
215 32
199 57
151 18
36 13
137 45
82 17
29 47
323 21
327 23
96 27
132 54
14 0
47 28
48 6
24 28
174 51
352 5
229 15
204 25
29 41
303 43
298 24
263 21
165 50
97 14
249 41
248 24
41 48
52 21
294 16
281 41
60 33
226 49
288 10
66 17
52 9
173 50
86 16
124 11
306 41
25 7
194 26
331 55
314 16
196 0
204 57
333 24
262 20
65 10
270 12
20 14
13 13
57 39
269 1
223 27
274 0
154 48
266 58
215 32
254 43
85 38
272 58
3 54
258 0
4 41
72 24
235 18
89 44
57 58
345 32
317 11
273 52
111 59
110 26
144 4
249 49
334 41
287 29
335 58
150 32
99 42
108 26
180 18
11 50
68 48
262 26
0 47
138 51
227 0
78 3
356 19
112 30
1 31
180 28
329 30
60 8
64 49
147 57